
 344 5.82417104745370e+04 5.82417265683125e+04 1 0 0 0 0 0 
  5.82417104745370e+04 5.82417265683125e+04 2018/05/pathfinder_l1_344.h5
 345 5.82417273611111e+04 5.82417435868293e+04 1 0 0 0 0 0 
  5.82417273611111e+04 5.82417435868293e+04 2018/05/pathfinder_l1_345.h5
 346 5.82417444097222e+04 5.82417573829358e+04 1 0 0 0 0 0 
  5.82417444097222e+04 5.82417573829358e+04 2018/05/pathfinder_l1_346.h5
 347 5.82417582291667e+04 5.82417697095753e+04 1 0 0 0 0 0 
  5.82417582291667e+04 5.82417697095753e+04 2018/05/pathfinder_l1_347.h5
 348 5.82417705555556e+04 5.82417856819823e+04 1 0 0 0 0 0 
  5.82417705555556e+04 5.82417856819823e+04 2018/05/pathfinder_l1_348.h5
 349 5.82417864351852e+04 5.82418021002624e+04 1 0 0 0 0 0 
  5.82417864351852e+04 5.82418021002624e+04 2018/05/pathfinder_l1_349.h5
 350 5.82418029166667e+04 5.82418150292431e+04 1 0 0 0 0 0 
  5.82418029166667e+04 5.82418150292431e+04 2018/05/pathfinder_l1_350.h5
 351 5.82418158680556e+04 5.82418313810514e+04 1 0 0 0 0 0 
  5.82418158680556e+04 5.82418313810514e+04 2018/05/pathfinder_l1_351.h5
 352 5.82418321875000e+04 5.82418450852516e+04 1 0 0 0 0 0 
  5.82418321875000e+04 5.82418450852516e+04 2018/05/pathfinder_l1_352.h5
 353 5.82418458796296e+04 5.82418613257282e+04 1 0 0 0 0 0 
  5.82418458796296e+04 5.82418613257282e+04 2018/05/pathfinder_l1_353.h5
 354 5.82418621527778e+04 5.82418715577500e+04 1 0 0 0 0 0 
  5.82418621527778e+04 5.82418715577500e+04 2018/05/pathfinder_l1_354.h5
 356 5.82419516898148e+04 5.82419517743045e+04 1 0 0 0 0 0 
  5.82419516898148e+04 5.82419517743045e+04 2018/05/pathfinder_l1_356.h5
 357 5.82419587500000e+04 5.82419588534709e+04 1 0 0 0 0 0 
  5.82419587500000e+04 5.82419588534709e+04 2018/05/pathfinder_l1_357.h5
 358 5.82419650115741e+04 5.82419650680548e+04 1 0 0 0 0 0 
  5.82419650115741e+04 5.82419650680548e+04 2018/05/pathfinder_l1_358.h5
 359 5.82419664351852e+04 5.82419664907400e+04 1 0 0 0 0 0 
  5.82419664351852e+04 5.82419664907400e+04 2018/05/pathfinder_l1_359.h5
 360 5.82419715856481e+04 5.82419716888876e+04 1 0 0 0 0 0 
  5.82419715856481e+04 5.82419716888876e+04 2018/05/pathfinder_l1_360.h5
 361 5.82419760185185e+04 5.82419761222209e+04 1 0 0 0 0 0 
  5.82419760185185e+04 5.82419761222209e+04 2018/05/pathfinder_l1_361.h5
 362 5.82419783333333e+04 5.82419784583317e+04 1 0 0 0 0 0 
  5.82419783333333e+04 5.82419784583317e+04 2018/05/pathfinder_l1_362.h5
 363 5.82419853819444e+04 5.82419855835622e+04 1 0 0 0 0 0 
  5.82419853819444e+04 5.82419855835622e+04 2018/05/pathfinder_l1_363.h5
 364 5.82419866203704e+04 5.82419868280066e+04 1 0 0 0 0 0 
  5.82419866203704e+04 5.82419868280066e+04 2018/05/pathfinder_l1_364.h5
 365 5.82419879629630e+04 5.82419881699048e+04 1 0 0 0 0 0 
  5.82419879629630e+04 5.82419881699048e+04 2018/05/pathfinder_l1_365.h5
 366 5.82419891319444e+04 5.82419893340252e+04 1 0 0 0 0 0 
  5.82419891319444e+04 5.82419893340252e+04 2018/05/pathfinder_l1_366.h5
 367 5.82419987152778e+04 5.82419988182857e+04 1 0 0 0 0 0 
  5.82419987152778e+04 5.82419988182857e+04 2018/05/pathfinder_l1_367.h5
 368 5.82420200462963e+04 5.82420201439802e+04 1 0 0 0 0 0 
  5.82420200462963e+04 5.82420201439802e+04 2018/05/pathfinder_l1_368.h5
 369 5.82420250694444e+04 5.82420251736098e+04 1 0 0 0 0 0 
  5.82420250694444e+04 5.82420251736098e+04 2018/05/pathfinder_l1_369.h5
 370 5.82420309375000e+04 5.82420310416653e+04 1 0 0 0 0 0 
  5.82420309375000e+04 5.82420310416653e+04 2018/05/pathfinder_l1_370.h5

