1 
patch1 26 
 323 5.82412137152778e+04 5.82412294141509e+04 1 0 0 0 0
  5.82412137152778e+04 5.82412294141509e+04 2018/05/pathfinder_l1_323.h5
 324 5.82412302314815e+04 5.82412434706639e+04 1 0 0 0 0
  5.82412302314815e+04 5.82412434706639e+04 2018/05/pathfinder_l1_324.h5
 325 5.82412442708333e+04 5.82412550873615e+04 1 0 0 0 0
  5.82412442708333e+04 5.82412550873615e+04 2018/05/pathfinder_l1_325.h5
 326 5.82412559143519e+04 5.82412668521748e+04 1 0 0 0 0
  5.82412559143519e+04 5.82412668521748e+04 2018/05/pathfinder_l1_326.h5
 327 5.82412676736111e+04 5.82412786336560e+04 1 0 0 0 0
  5.82412676736111e+04 5.82412786336560e+04 2018/05/pathfinder_l1_327.h5
 328 5.82412794907407e+04 5.82412918327124e+04 1 0 0 0 0 
  5.82412794907407e+04 5.82412918327124e+04 2018/05/pathfinder_l1_328.h5
 329 5.82412927083333e+04 5.82413077692517e+04 1 0 0 0 0
  5.82412927083333e+04 5.82413077692517e+04 2018/05/pathfinder_l1_329.h5
 330 5.82413085300926e+04 5.82413238766554e+04 1 0 0 0 0
  5.82413085300926e+04 5.82413238766554e+04 2018/05/pathfinder_l1_330.h5
 331 5.82413246643519e+04 5.82413401023487e+04 1 0 0 0 0
  5.82413246643519e+04 5.82413401023487e+04 2018/05/pathfinder_l1_331.h5
 332 5.82413409027778e+04 5.82413560241120e+04 1 0 0 0 0
  5.82413409027778e+04 5.82413560241120e+04 2018/05/pathfinder_l1_332.h5
 333 5.82413568402778e+04 5.82413709317641e+04 1 0 0 0 0
  5.82413568402778e+04 5.82413709317641e+04 2018/05/pathfinder_l1_333.h5
 334 5.82413717245370e+04 5.82413855426472e+04 1 0 0 0 0
  5.82413717245370e+04 5.82413855426472e+04 2018/05/pathfinder_l1_334.h5
 335 5.82413864004630e+04 5.82413979866573e+04 1 0 0 0 0
  5.82413864004630e+04 5.82413979866573e+04 2018/05/pathfinder_l1_335.h5
 336 5.82413988194444e+04 5.82414096813424e+04 1 0 0 0 0
  5.82413988194444e+04 5.82414096813424e+04 2018/05/pathfinder_l1_336.h5
 337 5.82414105092593e+04 5.82414207410727e+04 1 0 0 0 0
  5.82414105092593e+04 5.82414207410727e+04 2018/05/pathfinder_l1_337.h5
 338 5.82414215625000e+04 5.82414334014688e+04 1 0 0 0 0
  5.82414215625000e+04 5.82414334014688e+04 2018/05/pathfinder_l1_338.h5
 339 5.82414342013889e+04 5.82414473190451e+04 1 0 0 0 0
  5.82414342013889e+04 5.82414473190451e+04 2018/05/pathfinder_l1_339.h5
 340 5.82414481365741e+04 5.82414627072209e+04 1 0 0 0 0
  5.82414481365741e+04 5.82414627072209e+04 2018/05/pathfinder_l1_340.h5
 341 5.82414634953704e+04 5.82414795525722e+04 1 0 0 0 0
  5.82414634953704e+04 5.82414795525722e+04 2018/05/pathfinder_l1_341.h5
 342 5.82414803240741e+04 5.82414960467895e+04 1 0 0 0 0
  5.82414803240741e+04 5.82414960467895e+04 2018/05/pathfinder_l1_342.h5
 343 5.82414967939815e+04 5.82415124123001e+04 1 0 0 0 0
  5.82414967939815e+04 5.82415124123001e+04 2018/05/pathfinder_l1_343.h5
 373 5.82421911458333e+04 5.82421912430543e+04 1 0 0 0 0
  5.82421911458333e+04 5.82421912430543e+04 2018/05/pathfinder_l1_373.h5
 374 5.82422089004630e+04 5.82422089986099e+04 1 0 0 0 0
  5.82422089004630e+04 5.82422089986099e+04 2018/05/pathfinder_l1_374.h5
 375 5.82422297222222e+04 5.82422298254616e+04 1 0 0 0 0
  5.82422297222222e+04 5.82422298254616e+04 2018/05/pathfinder_l1_375.h5
 376 5.82422505902778e+04 5.82422506874988e+04 1 0 0 0 0 
  5.82422505902778e+04 5.82422506874988e+04 2018/05/pathfinder_l1_376.h5
 377 5.82422714351852e+04 5.82422715317117e+04 1 0 0 0 0
  5.82422714351852e+04 5.82422715317117e+04 2018/05/pathfinder_l1_377.h5
 378 5.82422922569444e+04 5.82422923539339e+04 1 0 0 0 0 
  5.82422922569444e+04 5.82422923539339e+04 2018/05/pathfinder_l1_378.h5
 379 5.82423130555556e+04 5.82423131534710e+04 1 0 0 0 0
  5.82423130555556e+04 5.82423131534710e+04 2018/05/pathfinder_l1_379.h5
 380 5.82423339814815e+04 5.82423340849524e+04 1 0 0 0 0
  5.82423339814815e+04 5.82423340849524e+04 2018/05/pathfinder_l1_380.h5
 381 5.82423548263889e+04 5.82423549236099e+04 1 0 0 0 0
  5.82423548263889e+04 5.82423549236099e+04 2018/05/pathfinder_l1_381.h5
 382 5.82423756365741e+04 5.82423757340265e+04 1 0 0 0 0
  5.82423756365741e+04 5.82423757340265e+04 2018/05/pathfinder_l1_382.h5
 383 5.82423964699074e+04 5.82423965687487e+04 1 0 0 0 0
  5.82423964699074e+04 5.82423965687487e+04 2018/05/pathfinder_l1_383.h5
 384 5.82424172800926e+04 5.82424173763877e+04 1 0 0 0 0
  5.82424172800926e+04 5.82424173763877e+04 2018/05/pathfinder_l1_384.h5
 385 5.82424381018519e+04 5.82424381928229e+04 1 0 0 0 0 
  5.82424381018519e+04 5.82424381928229e+04 2018/05/pathfinder_l1_385.h5
 386 5.82424589004630e+04 5.82424589976839e+04 1 0 0 0 0
  5.82424589004630e+04 5.82424589976839e+04 2018/05/pathfinder_l1_386.h5
 403 5.82432503703704e+04 5.82432610616687e+04 1 0 0 0 0
  5.82432503703704e+04 5.82432610616687e+04 2018/05/pathfinder_l1_403.h5
 404 5.82432639583333e+04 5.82432761734548e+04 1 0 0 0 0
  5.82432639583333e+04 5.82432761734548e+04 2018/05/pathfinder_l1_404.h5
 405 5.82432769907407e+04 5.82432902336268e+04 1 0 0 0 0 
  5.82432769907407e+04 5.82432902336268e+04 2018/05/pathfinder_l1_405.h5
 406 5.82432910879630e+04 5.82433044639492e+04 1 0 0 0 0
  5.82432910879630e+04 5.82433044639492e+04 2018/05/pathfinder_l1_406.h5
 407 5.82433053125000e+04 5.82433191162585e+04 1 0 0 0 0
  5.82433053125000e+04 5.82433191162585e+04 2018/05/pathfinder_l1_407.h5
 408 5.82433199074074e+04 5.82433347581432e+04 1 0 0 0 0
  5.82433199074074e+04 5.82433347581432e+04 2018/05/pathfinder_l1_408.h5
 409 5.82433412268519e+04 5.82435077858310e+04 1 0 0 0 0
  5.82433412268519e+04 5.82435077858310e+04 ingenting herfra og nedover
 435 5.82442072800926e+04 5.82442458932557e+04 1 0 0 0 0
  5.82442072800926e+04 5.82442458932557e+04 2018/05/pathfinder_l1_435.h5
 436 5.82442544212963e+04 5.82442960337266e+04 1 0 0 0 0 
  5.82442544212963e+04 5.82442960337266e+04 2018/05/pathfinder_l1_436.h5
 437 5.82443021412037e+04 5.82443436983107e+04 1 0 0 0 0 
  5.82443021412037e+04 5.82443436983107e+04 2018/05/pathfinder_l1_437.h5
 438 5.82443500694444e+04 5.82443916897450e+04 1 0 0 0 0 
  5.82443500694444e+04 5.82443916897450e+04 2018/05/pathfinder_l1_438.h5
 439 5.82443987384259e+04 5.82444403003939e+04 1 0 0 0 0 
  5.82443987384259e+04 5.82444403003939e+04 2018/05/pathfinder_l1_439.h5
 440 5.82444477199074e+04 5.82444893358099e+04 1 0 0 0 0
  5.82444477199074e+04 5.82444893358099e+04 2018/05/pathfinder_l1_440.h5
 469 5.82452128009259e+04 5.82452129902754e+04 1 0 0 0 0
  5.82452128009259e+04 5.82452129902754e+04 2018/05/pathfinder_l1_469.h5














